0.021216
2.683285
4.750782
0.021536
2.683285
-5.375372
0.021792
2.683285
4.586198
0.030816
2.683285
2.306004
0.019232
2.683285
-0.009131
0.018528
2.683285
-1.156327
0.019104
2.683285
-6.479877
0.011392
2.683285
0.624340
0.015040
2.683285
6.154892
0.027712
2.683285
-1.680588
0.054400
2.683285
0.017057
0.105056
2.683285
7.994534
0.207392
2.683285
3.604127
0.415776
2.683285
-1.016696
0.823200
2.683285
0.364387
1.655904
2.683285
-0.772229
3.300288
2.683285
-0.906238
6.628256
2.683285
-0.049059
13.712896
2.683285
-0.505906
26.572832
2.683285
-7.013358
