0.039648
2.683285
4.750782
0.021344
2.683285
-5.375372
0.021504
2.683285
4.586198
0.021600
2.683285
2.306004
0.022336
2.683285
-0.009131
0.023392
2.683285
-1.156327
0.025824
2.683285
-6.479877
0.022464
2.683285
0.624340
0.029728
2.683285
6.154892
0.054912
2.683285
-1.680588
0.099616
2.683285
0.017057
0.194752
2.683285
7.994534
0.374752
2.683285
3.604127
0.742688
2.683285
-1.016696
1.469216
2.683285
0.364387
2.938048
2.683285
-0.772229
5.854752
2.683285
-0.906238
11.548448
2.683285
-0.049059
21.768608
2.683285
-0.505906
46.372513
2.683285
-7.013358
